Frame;1_X;1_Y;1_Z
1;884.948914;637.595642;117.948387
2;884.866394;637.565002;118.048569
3;884.973816;637.535583;118.153908
4;885.006348;637.671692;118.205307
5;885.060669;637.698181;118.144791
6;885.170593;637.779846;118.162651
7;885.222229;637.791077;118.289261
8;884.828918;637.745422;118.975578
9;884.50177;637.753235;119.518082
10;884.491028;637.900269;119.733383
11;884.090881;638.185791;120.497002
12;883.634644;638.213562;120.964386
13;883.309875;638.25769;121.285164
14;882.99884;638.560791;121.970573
15;882.716248;638.71344;122.543709
16;882.420044;638.748169;123.435898
17;882.162231;638.684937;124.103203
18;881.991028;638.69751;124.584846
19;881.832642;638.661011;125.119232
20;881.479919;638.692017;125.739807
21;880.933044;638.869812;126.669289
22;880.36969;638.919373;127.65329
23;879.715149;638.787231;128.410599
24;878.752441;638.790283;129.045685
25;877.959839;638.576294;130.265808
26;877.109558;638.470581;131.208649
27;876.184753;638.573669;132.212616
28;874.566895;638.655945;134.005219
29;872.821594;638.771179;135.253754
30;871.722229;638.703491;136.277756
31;870.033325;638.782776;137.290222
32;867.769653;638.856323;138.615387
33;865.743042;639.132019;140.194183
34;863.259033;639.263428;141.587738
35;861.280396;639.417358;142.526535
36;858.802734;639.645996;143.715942
37;856.043701;640.086182;144.947113
38;853.046204;640.337708;146.16835
39;850.334167;640.629944;147.905212
40;847.01062;640.935425;149.187683
41;843.827271;641.367798;150.77298
42;840.158203;641.810242;152.078827
43;836.893982;642.032593;153.028229
44;833.639404;642.51709;154.025406
45;829.701965;643.022583;155.339722
46;825.759399;643.455261;156.635696
47;821.774048;643.906372;157.820984
48;818.083923;644.206604;158.767807
49;814.187683;644.713928;160.199005
50;809.670959;645.042908;161.413162
51;805.64386;645.334229;162.427994
52;801.813904;645.719727;163.19873
53;797.371521;646.157959;163.753357
54;792.978271;646.458801;164.815063
55;788.501038;646.879944;165.665955
56;784.37561;647.247253;166.414169
57;780.044006;647.588867;166.762024
58;775.648193;647.708984;167.089035
59;771.394836;647.908142;167.701401
60;767.158875;648.119446;167.974121
61;762.779175;648.356262;168.215454
62;758.190796;648.664734;168.256714
63;753.725891;648.916809;168.746094
64;749.203064;649.194641;169.199509
65;744.840759;649.262878;169.416336
66;740.425049;649.524658;169.146591
67;735.913635;649.776123;168.986725
68;731.499268;649.964783;169.20723
69;727.31134;650.098328;169.347397
70;723.055908;650.173035;168.517822
71;719.247742;650.46637;168.254547
72;715.086853;650.430542;168.163528
73;710.840576;650.489319;167.824905
74;706.956665;650.803528;166.880402
75;703.226257;651.072876;165.972748
76;699.274475;651.097656;165.578934
77;695.669312;651.172913;164.253601
78;692.574036;651.269714;163.373718
79;688.963501;651.477539;163.208939
80;685.241821;651.433105;162.027328
81;682.011292;651.579529;161.205124
82;678.567078;651.635376;160.873093
83;675.547607;651.74408;159.525726
84;672.543762;651.712341;158.403397
85;669.574341;651.914734;157.574982
86;666.906555;651.9021;155.805313
87;664.062073;652.009338;155.162628
88;661.254944;652.190918;154.325607
89;658.557251;652.312195;152.810028
90;656.393433;652.546753;151.872498
91;654.075623;652.653381;150.135086
92;651.996277;652.954102;148.672226
93;649.763184;653.005493;147.398483
94;647.657593;653.149475;145.82988
95;645.770264;653.377441;144.720535
96;644.254211;653.663513;142.829086
97;642.391357;653.639343;141.178879
98;640.704468;653.929565;139.815826
99;639.493347;654.288513;137.580261
100;638.242188;654.483459;135.706757
101;636.80835;654.678894;133.564697
102;635.404541;654.81897;131.898575
103;634.499573;655.04248;129.502625
104;633.583923;655.168762;127.27095
105;632.738037;655.644897;124.801384
106;631.925659;655.852905;122.373405
107;631.31842;656.047119;120.01722
108;630.623962;656.582703;117.104057
109;630.122192;656.615417;114.560867
110;629.629089;657.050598;111.736229
111;629.466125;657.202881;109.256989
112;630.120544;657.660767;107.563469
113;630.861816;658.719604;107.230591
114;631.196106;659.083923;106.529961
115;631.262268;658.924133;105.81192
116;631.059143;658.316162;105.550453
117;630.906189;657.723022;105.572899
118;630.888062;657.380005;105.817825
119;630.736694;657.256836;106.338173
120;630.565125;657.210449;106.801315
121;630.48114;657.18103;107.173073
122;630.435608;657.261902;107.254745
123;630.481201;657.37738;107.328117
124;630.555298;657.404541;107.291542
125;630.733154;657.489441;107.215088
126;630.869263;657.573059;107.158295
127;630.925415;657.608276;106.998245
128;630.843933;657.779724;106.893028
129;631.184387;657.957153;106.818581
130;631.331482;658.100586;106.80471
131;631.366821;658.242249;106.690323
132;631.475647;658.325989;106.660591
133;631.482971;658.479492;106.712204
134;631.548096;658.627686;106.688103
135;631.59491;658.722717;106.61483
136;631.674683;658.843201;106.50145
137;631.674561;659.036987;106.350166
138;631.72052;659.132202;106.367424
139;631.666382;659.243042;106.340256
140;631.639282;659.249695;106.344833
141;631.66864;659.345215;106.241386
142;631.657837;659.371887;106.120209
143;631.659546;659.369934;106.102295
144;631.618164;659.364929;106.021683
145;631.63147;659.349243;106.053772
146;631.562378;659.265991;106.061363
147;631.573486;659.254089;106.055038
148;631.542175;659.23291;106.021187
149;631.493652;659.12854;106.017044
150;631.454102;659.026672;106.082001
151;631.455139;659.029846;106.104767
152;631.410645;658.919556;106.035744
153;631.384583;658.825623;105.969246
154;631.391541;658.827576;105.969017
155;631.380615;658.720947;106.037834
156;631.334534;658.6828;106.075058
157;631.347717;658.592651;106.094353
158;631.320801;658.599121;106.085152
159;631.341125;658.484558;106.066742
160;631.349243;658.469604;106.004379
161;631.440247;658.463318;106.017326
162;631.456909;658.324158;106.169884
163;631.510681;658.316162;106.284363
164;631.467896;658.314758;106.365677
165;631.44873;658.30835;106.379265
166;631.474792;658.334045;106.386978
167;631.532104;658.328369;106.425468
168;631.558716;658.384949;106.49437
169;631.51532;658.403442;106.471657
170;631.544739;658.475159;106.494286
171;631.546021;658.484192;106.641922
172;631.513672;658.589417;106.704033
173;631.549866;658.709351;106.70195
174;631.531433;658.826477;106.724121
175;631.541382;658.828674;106.752563
176;631.557373;658.912781;106.80687
177;631.570435;659.047119;106.819817
178;631.585999;659.069214;106.870262
179;631.598389;659.129944;106.901077
180;631.615234;659.219299;107.018532
181;631.614075;659.351563;106.987907
182;631.660889;659.385803;106.844543
183;631.658508;659.577026;106.98365
184;631.647034;659.709412;107.094093
185;631.665466;659.882446;106.876038
186;631.745422;660.018372;106.883041
187;631.775269;660.140198;106.91214
188;631.464844;660.101318;107.149078
189;631.379395;660.173584;107.187912
190;631.835327;660.319275;106.989517
191;632.032104;660.451172;106.803047
192;632.035156;660.487183;106.722557
193;632.042053;660.465088;106.671486
194;632.069885;660.549866;106.644592
195;632.063904;660.571472;106.512611
196;632.114868;660.583801;106.454971
197;632.106018;660.556274;106.404076
198;632.089172;660.464172;106.417595
199;632.07489;660.426758;106.363876
200;632.009766;660.36731;106.350677
201;631.970276;660.267212;106.385757
202;631.910522;660.256531;106.505646
203;631.862122;660.26239;106.584236
204;631.791077;660.179321;106.634758
205;631.764526;660.158325;106.764923
206;631.640015;660.159485;106.816299
207;631.563721;660.175659;106.933884
208;631.534119;660.242126;107.039192
209;631.469666;660.321106;107.254837
210;631.394409;660.439026;107.368248
211;631.379211;660.573364;107.388321
212;631.407715;660.7677;107.458336
213;631.426819;660.969971;107.659225
214;631.323914;661.243958;107.93441
215;631.354797;661.539185;108.067688
216;631.415894;662.051147;108.103394
217;631.500244;662.588928;108.175819
218;631.537842;663.027527;108.279884
219;631.777466;663.604553;108.351456
220;631.661438;664.272217;108.257149
221;631.525574;664.65686;108.835938
222;631.590149;665.330627;109.109314
223;631.736389;666.36261;109.482986
224;631.727966;667.266785;109.856453
225;631.622253;668.003662;110.27169
226;631.654114;668.928528;110.725243
227;631.747498;670.077332;110.954346
228;631.793457;671.174438;111.369011
229;631.850769;672.242615;111.911308
230;631.897339;673.515991;112.487976
231;631.779236;674.638306;113.035744
232;631.534485;675.801025;113.842613
233;631.563843;677.249512;114.255409
234;631.652466;678.650146;114.813271
235;631.677734;680.465393;115.132767
236;631.424805;682.035095;115.414055
237;630.940125;684.003662;116.324234
238;630.409241;685.744385;117.243843
239;630.189209;687.615417;117.728279
240;629.634094;689.548645;118.11718
241;628.855652;691.876038;119.089188
242;628.092102;694.073853;119.754433
243;627.303345;696.453247;119.926804
244;626.393616;699.004028;120.284531
245;625.15625;701.611511;121.22554
246;624.0047;704.00885;121.936821
247;623.155579;706.798279;122.430893
248;622.110413;709.779541;122.997597
249;620.889648;712.509949;123.163643
250;619.53833;715.240845;123.495583
251;618.082275;718.237732;124.107147
252;616.791077;721.346802;124.93351
253;615.299927;724.495483;125.000473
254;614.32959;727.381714;124.807358
255;612.679504;730.2771;125.602203
256;611.133484;733.23114;126.203827
257;609.722839;736.370911;126.144478
258;608.139709;739.489502;126.512085
259;606.598083;742.677979;127.21402
260;605.030945;745.656738;127.425903
261;603.465027;748.351624;127.452332
262;601.702026;751.341614;127.840279
263;600.164551;754.58783;127.89608
264;598.496216;757.620789;128.304031
265;597.063599;760.586487;128.534424
266;595.583252;763.266479;128.599304
267;594.008484;766.154663;128.513702
268;592.422913;769.077942;128.840546
269;590.911865;771.97113;129.067276
270;589.237854;774.773499;129.064178
271;587.278259;777.472229;129.780899
272;585.722473;779.915405;129.379562
273;584.169861;783.258484;129.651291
274;582.330566;785.788879;130.093506
275;581.181274;787.784119;129.996353
276;579.494385;790.950745;129.961502
277;578.426758;793.017761;129.735901
278;576.974426;795.070129;129.880905
279;575.753174;797.445801;129.645828
280;574.456238;799.781677;129.918381
281;573.259277;801.859131;130.100204
282;571.583252;803.940369;130.263687
283;570.418152;805.913086;130.156464
284;569.089722;807.916016;130.118057
285;567.904785;809.879578;130.050735
286;567.040222;811.56134;129.891006
287;565.999512;813.26062;129.667877
288;564.611267;815.183533;129.886536
289;563.391907;816.688538;129.946655
290;562.557068;818.297668;130.204758
291;561.831787;819.536133;129.936462
292;560.672913;820.757813;129.538498
293;559.613647;822.460938;129.341019
294;558.531494;823.694824;129.313477
295;557.359131;825.171753;129.066254
296;556.164978;827.009705;128.953918
297;555.589905;828.014038;129.044601
298;554.80304;829.140991;129.018036
299;554.264343;830.114075;128.442398
300;553.373413;831.242432;128.259399
301;552.774902;832.014038;128.030777
302;552.373047;833.091614;127.775589
303;551.580811;834.106873;127.054977
304;550.690186;834.910034;126.619423
305;550.137573;835.640076;126.429733
306;549.71582;836.531799;126.242767
307;549.03418;837.384583;125.6147
308;548.421692;838.245422;124.782814
309;548.023682;838.628967;123.934578
310;547.491699;838.989258;123.336937
311;546.558411;839.570618;122.658051
312;546.014526;840.545288;121.814735
313;545.878174;841.156799;120.81282
314;545.465088;841.786255;119.773178
315;544.735168;842.437561;118.104622
316;544.879028;842.811829;116.286575
317;544.477722;843.093018;114.888817
318;543.663879;843.428955;113.079781
319;543.457031;843.817993;111.757668
320;543.568298;844.301575;110.705002
321;544.549133;844.924133;110.11058
322;544.977539;845.869202;110.033813
323;544.569031;846.254333;110.025627
324;544.144836;846.061157;109.364174
325;543.356323;845.885498;109.114693
326;542.962891;845.596985;109.064583
327;543.043884;845.208618;108.786583
328;542.830017;845.085693;108.671623
329;542.337097;845.115112;108.861374
330;541.9776;845.161804;109.112312
331;541.678772;845.099854;109.174217
332;541.483337;844.994141;109.236115
333;541.176147;844.952576;109.460091
334;540.896301;844.88855;109.556465
335;540.586304;844.834473;109.592331
336;540.271179;844.710205;109.445389
337;540.185486;844.722046;109.509399
338;539.982483;844.751099;109.610619
339;539.814758;844.905701;109.476433
340;539.642334;845.019714;109.532219
341;539.505737;845.127075;109.584381
342;539.406067;845.291321;109.506775
343;539.377747;845.438721;109.60125
344;539.262085;845.687744;109.615242
345;539.217346;845.92041;109.700729
346;539.14624;846.186462;109.75631
347;539.222717;846.373352;109.800964
348;539.237671;846.585693;109.813087
349;539.25531;846.716675;109.815453
350;539.334717;846.823303;109.875496
351;539.360718;847.033142;109.84053
352;539.373108;847.140259;109.929398
353;539.422729;847.169983;109.93177
354;539.442932;847.276184;109.913666
355;539.556702;847.264099;109.490326
356;539.493164;847.428284;109.860954
357;539.584351;847.300415;109.532845
358;539.659363;847.365051;109.72023
359;539.684143;847.354614;109.858788
360;539.75116;847.349365;109.865829
361;539.769653;847.368408;109.853355
362;539.809509;847.272339;109.816536
363;539.850403;847.244873;109.769821
364;539.927551;847.227539;109.795753
365;539.963867;847.100159;109.71447
366;539.96582;847.104431;109.739525
367;539.958923;847.015503;109.628296
368;539.993469;846.997498;109.582939
369;540.01886;846.9729;109.64238
370;539.989319;847.009705;109.737373
371;539.972168;847.001282;109.760765
372;539.900574;847.004395;109.722939
373;539.923157;847.017761;109.766159
374;539.790771;847.002075;109.766403
375;539.684631;847.004578;109.930428
376;539.653137;846.948669;110.000038
377;539.63916;847.01355;110.040871
378;539.588257;847.001221;110.128723
379;539.577637;847.078003;110.202362
380;539.507446;847.119324;110.287949
381;539.482849;847.098328;110.372086
382;539.456604;847.09729;110.395103
383;539.244629;847.166565;110.821945
384;539.329651;847.099426;110.592583
385;539.402283;847.091553;110.44857
386;539.399109;847.160767;110.538383
387;539.427673;847.21167;110.477264
388;539.356079;847.18042;110.579567
389;539.302429;847.166626;110.66481
390;539.288696;847.261902;110.689377
391;539.336609;847.279114;110.777222
392;539.344238;847.336426;110.771126
393;539.276855;847.390503;111.103638
394;539.422913;847.429321;110.98407
395;539.452515;847.505432;111.068817
396;539.51001;847.610901;111.170639
397;539.602966;847.652405;111.165596
398;539.634399;847.695496;111.071365
399;539.674255;847.69165;111.000404
400;539.800842;847.715881;110.959419
401;539.966248;847.810364;110.961235
402;540.070496;847.804932;110.929474
403;540.201294;847.761292;110.745216
404;540.292786;847.722595;110.622665
405;540.320313;847.769531;110.670158
406;540.314453;847.772644;110.678345
407;540.349792;847.752319;110.707008
408;540.348328;847.754028;110.741753
409;540.366882;847.749817;110.735474
410;540.374756;847.764343;110.669403
411;540.400208;847.74646;110.696205
412;540.402527;847.729919;110.706558
413;540.412048;847.636414;110.779221
414;540.319885;847.660583;110.820709
415;540.346863;847.658081;110.785019
416;540.342896;847.634216;110.844444
417;540.319885;847.616821;110.85878
418;540.235962;847.590881;110.910454
419;540.18811;847.576416;110.928612
420;540.224304;847.567749;110.96244
421;540.14032;847.585693;111.003609
422;540.167297;847.570618;111.054092
423;540.105835;847.554138;111.184479
424;540.048035;847.578857;111.266937
425;540.044678;847.545959;111.250671
426;540.011963;847.545715;111.180862
427;539.999268;847.5448;111.16214
428;540.014587;847.528503;111.221085
429;540.002319;847.536194;111.244591
430;539.998657;847.538574;111.244728
431;540.054016;847.434998;111.217239
432;540.056641;847.414429;111.200729
433;540.064148;847.42395;111.205376
434;540.077393;847.386169;111.167068
435;540.093567;847.403809;111.093689
436;540.159546;847.403015;110.970825
437;540.131165;847.44635;111.110962
438;540.156921;847.421692;110.945023
439;540.290039;847.383423;110.847298
440;540.305298;847.389771;110.751884
441;540.314941;847.412476;110.819359
442;540.282593;847.43573;110.806847
443;540.436768;847.376404;110.735008
444;540.421509;847.410828;110.759224
445;540.394043;847.442322;110.708282
446;540.463745;847.432434;110.654167
447;540.546692;847.427612;110.660904
448;540.598877;847.421448;110.632057
449;540.640991;847.386719;110.570259
450;540.670715;847.39325;110.615555
451;540.667358;847.405823;110.633987
452;540.684692;847.410217;110.622986
453;540.712219;847.447388;110.522125
454;540.755005;847.450867;110.434891
455;540.817139;847.449341;110.351761
456;541.035278;847.166321;110.121269
457;541.16156;847.082947;109.902031
458;541.210632;847.062134;109.929764
459;541.159058;847.09552;109.910225
460;541.177856;847.097412;109.886475
461;541.191345;847.096619;109.874687
462;541.287292;847.08606;109.862297
463;541.315002;847.088379;109.85038
464;541.31842;847.097656;109.828575
465;541.306091;847.098022;109.835007
466;541.343811;847.092224;109.811096
467;541.359497;847.093628;109.794144
468;541.359619;847.094543;109.79261
469;541.371521;847.087646;109.809547
470;541.34082;847.096008;109.836227
471;541.342224;847.095947;109.854218
472;541.360535;847.064697;109.963287
473;541.391602;847.054199;109.952934
474;541.387329;847.031799;110.060028
475;541.309204;847.04895;110.393303
476;541.203735;846.933899;110.559486
477;541.184265;846.910889;110.574104
478;541.152222;846.911072;110.624084
479;541.154785;846.815552;110.661179
480;541.20343;846.731079;110.528343
481;541.270142;846.621826;110.563034
482;541.111145;846.708374;110.769592
483;541.105591;846.5177;110.738297
484;541.09436;846.489075;110.698318
485;541.009033;846.403564;110.792709
486;540.951294;846.349976;110.959679
487;540.832336;846.266052;111.059082
488;540.796143;846.233521;111.12001
489;540.621948;846.147461;111.429382
490;540.446472;846.034485;111.612053
491;540.324036;845.920959;111.716499
492;540.230469;845.795105;111.809746
493;540.14856;845.688965;111.873337
494;540.068787;845.552612;111.997589
495;539.896545;845.442627;112.098122
496;539.718018;845.492004;112.228462
497;539.601196;845.464111;112.270248
498;539.463928;845.217773;112.396957
499;538.966614;845.297729;112.972717
500;538.660706;845.109314;113.345421
501;538.550842;844.916687;113.222824
502;538.539734;844.665161;113.15448
503;538.488953;844.488831;113.171783
504;538.517273;844.286194;113.090515
505;538.483643;844.167053;113.09082
506;538.304138;844.098877;113.088692
507;538.208801;844.122192;113.202446
508;538.226929;844.114319;113.191147
509;538.174866;844.116455;113.216797
510;538.180969;844.086121;113.096985
511;538.106506;844.112061;113.150749
512;538.042542;844.125244;113.275795
513;537.951416;844.118896;113.231834
514;537.895874;844.136597;113.263748
515;537.838318;844.145447;113.302551
516;537.806519;844.096191;113.360031
517;537.810486;844.120667;113.559959
518;537.752625;844.127563;113.833199
519;537.651062;844.154297;114.033379
520;537.520996;844.09436;114.385765
521;537.505005;844.044434;114.546822
522;537.498535;843.924622;114.658905
523;537.489441;843.689697;114.789513
524;537.40625;843.403931;115.15535
525;537.676331;842.981995;115.274048
526;537.787415;842.273438;115.557396
527;537.821228;841.541992;115.808586
528;537.940552;840.815796;116.211754
529;538.281433;839.904907;116.264397
530;539.113525;838.975586;116.366562
531;539.448853;837.537598;116.874023
532;539.406433;836.223083;117.824875
533;538.867676;835.137207;119.072716
534;539.453064;833.225586;118.851715
535;539.441528;831.964783;119.448639
536;539.79187;829.813232;120.806679
537;540.012329;828.001526;121.304222
538;540.224976;825.623596;121.787338
539;540.249329;823.379944;122.417328
540;540.586182;821.074036;123.235931
541;540.43866;817.979858;124.351334
542;540.57605;814.834106;124.632027
543;540.154053;811.892456;125.995476
544;539.723572;808.515442;126.893082
545;540.091736;805.051514;127.691292
546;540.089539;801.404236;128.620987
547;539.551208;797.570435;129.167969
548;539.416077;793.496948;129.490601
549;538.927185;789.506287;130.437683
550;538.434753;785.127197;131.540115
551;538.0755;780.538025;132.267883
552;537.817383;775.817444;132.84613
553;537.728027;771.437805;133.631104
554;536.803223;766.572144;134.3918
555;536.640625;761.390686;134.868332
556;535.992554;756.36438;135.562393
557;535.740234;750.930115;136.198837
558;535.447388;745.764954;136.752106
559;535.346313;740.265442;137.450653
560;535.073547;734.627258;137.963257
561;535.005676;729.31488;138.156815
562;534.67627;723.361145;138.493561
563;534.547974;717.452637;138.704651
564;534.071167;711.651489;139.946182
565;534.075317;705.538879;140.382111
566;533.515137;699.96167;140.970917
567;533.353882;694.156555;141.46376
568;532.859436;688.020935;142.038834
569;532.517517;682.358826;142.822861
570;532.182007;676.458923;143.365402
571;531.687622;670.330383;143.951675
572;531.710815;664.358765;144.168137
573;531.312439;658.526733;144.236389
574;531.059937;652.557556;144.625565
575;530.478638;646.450623;145.468796
576;530.332092;640.596191;145.227463
577;529.717468;635.005432;146.152664
578;529.910278;628.918274;146.157867
579;529.621826;623.051636;146.325211
580;529.533569;617.485962;146.143478
581;529.038574;611.671143;146.605408
582;528.8302;606.169739;146.729782
583;528.75061;600.715576;146.852158
584;528.595032;595.17218;146.820465
585;528.481262;590.023376;147.005859
586;528.218018;584.527405;146.968903
587;528.219116;579.558228;146.803696
588;527.97229;574.482117;146.910431
589;527.727478;569.384033;146.493469
590;527.670593;564.918945;146.345062
591;527.487915;559.650269;145.955521
592;527.270996;555.55188;145.885223
593;527.184509;550.893799;145.020554
594;526.97113;546.305603;145.083542
595;526.465759;541.850525;144.487183
596;526.324768;538.011108;144.191086
597;526.038635;533.989319;143.640564
598;526.031555;530.221069;142.750458
599;525.556946;526.429321;142.469574
600;525.192871;522.742432;141.533569
601;524.878906;519.539795;140.63472
602;524.733826;516.248474;140.01088
603;524.593384;513.198914;139.014221
604;524.358643;510.375885;138.343491
605;524.033142;507.271667;137.502243
606;524.063599;504.7388;136.372635
607;524.046448;502.659241;135.566055
608;523.684875;499.982025;134.324661
609;523.443787;497.458282;132.943604
610;523.464233;495.56485;132.282516
611;523.618225;493.27951;130.696777
612;523.708435;491.690948;129.79776
613;523.730347;489.412659;127.981972
614;523.65802;487.826538;126.338989
615;523.623108;485.896301;125.004265
616;523.691284;484.705597;123.237694
617;524.055603;482.923553;121.206352
618;524.186096;481.813812;119.722435
619;524.352844;480.430542;117.492447
620;524.453552;479.121155;116.09671
621;524.774109;478.086456;113.47345
622;525.473694;477.001404;111.550232
623;526.411987;475.485992;109.247711
624;527.269592;474.632233;108.112389
625;528.192993;474.051239;107.370483
626;528.359253;473.843658;106.904427
627;528.790161;473.340729;105.891983
628;529.030823;472.874695;105.336578
629;529.2771;472.388062;104.755493
630;529.354065;472.133728;104.388809
631;529.362;472.048828;104.235001
632;529.270569;471.887238;104.043259
633;529.182922;471.858673;103.978172
634;528.78418;471.704285;104.099197
635;528.609131;471.650146;103.76812
636;528.282349;471.533051;103.584435
637;527.929626;471.462006;103.574989
638;527.624878;471.483948;103.603371
639;527.32843;471.434967;103.675926
640;527.015137;471.361023;103.661125
641;526.7005;471.367828;103.643799
642;526.429565;471.492371;103.684357
643;526.137512;471.546173;103.727829
644;525.91156;471.567474;103.84346
645;525.675903;471.486694;103.928383
646;525.463623;471.504486;104.010048
647;525.313293;471.511902;104.026451
648;525.148376;471.490784;104.111832
649;524.940247;471.408661;104.158638
650;524.726685;471.388672;104.161743
651;524.598145;471.35144;104.186752
652;524.599548;471.217041;104.114693
653;524.495667;471.110352;104.106018
654;524.400574;471.025085;104.124908
655;524.378052;470.825348;104.097672
656;524.443359;470.688477;104.119751
657;524.430542;470.668518;104.015862
658;524.426025;470.581604;103.963013
659;524.453003;470.547485;103.879051
660;524.49884;470.430511;103.783882
661;524.486511;470.303802;103.789993
662;524.511597;470.221832;103.73082
663;524.562256;470.194427;103.615898
664;524.589233;470.091827;103.465958
665;524.566223;469.978027;103.458931
666;524.322083;469.798035;103.755402
667;524.402527;469.698334;103.688751
668;524.404358;469.614136;103.558006
669;524.377991;469.531036;103.579559
670;524.281555;469.463715;103.603378
671;524.23114;469.304016;103.739113
672;524.089905;469.097229;103.781097
673;524.045898;468.990601;103.805542
674;523.931824;468.854004;103.852859
675;523.887146;468.740601;103.891769
676;523.790161;468.648193;103.877205
677;523.789673;468.551849;103.869766
678;523.694336;468.452728;103.880005
679;523.64679;468.445801;103.878922
680;523.690247;468.373474;103.923096
681;523.561523;468.384796;103.904778
682;523.580811;468.29834;103.899628
683;523.606506;468.268982;103.858582
684;523.552002;468.176849;103.897202
685;523.530579;468.161804;103.924553
686;523.553833;468.183411;103.865944
687;523.537415;468.187225;103.935181
688;523.500305;468.100922;103.917656
689;523.498962;468.061127;103.899094
690;523.498352;468.099457;103.867668
691;523.462708;468.019012;103.951378
692;523.385925;467.990814;103.992378
693;523.292358;467.989716;103.9226
694;523.29657;467.970917;103.976913
695;523.217896;467.872772;104.03093
696;523.214111;467.852631;104.131508
697;523.184082;467.863159;104.134468
698;523.129944;467.856537;104.155983
699;523.10199;467.85202;104.145996
700;523.079651;467.751495;104.199364
701;523.038574;467.730652;104.238655
702;522.97113;467.757477;104.233543
703;522.996338;467.756439;104.183784
704;523.037231;467.842926;104.136398
705;523.067932;467.777191;104.092445
706;523.149109;467.851837;104.132828
707;523.156494;467.868927;104.142136
708;523.239258;467.831879;103.983643
709;523.196228;467.848389;104.049187
710;523.24762;467.826935;103.977249
711;523.343323;467.842712;103.921967
712;523.30719;467.844299;104.009132
713;523.286926;467.85788;103.942467
714;523.30542;467.861938;103.994965
715;523.351624;467.849792;103.940041
716;523.353943;467.85907;103.911423
717;523.36676;467.895111;103.91021
718;523.35498;467.903015;103.970741
719;523.336243;467.885376;103.946388
720;523.339539;467.883057;103.931496
721;523.39093;467.865021;103.870255
722;523.378906;467.900574;103.876404
723;523.399231;467.890594;103.891708
724;523.422546;467.986023;103.865997
725;523.394775;468.005981;103.85463
726;523.395569;467.987091;103.821602
727;523.393616;467.991516;103.866928
728;523.329407;467.991638;103.794617
729;523.3302;468.014893;103.798737
730;523.329041;467.996674;103.780388
731;523.332581;467.986664;103.791542
732;523.318115;468.004669;103.821259
733;523.336426;468.000702;103.798431
734;523.338074;468.00827;103.821068
735;523.332764;468.008942;103.83197
736;523.285767;468.012024;103.860329
737;523.231873;468.012054;103.78759
738;523.324707;468.003357;103.841484
739;523.295471;468.003632;103.883293
740;523.226746;467.989258;103.858986
741;523.18634;468.012817;103.861626
742;523.167175;467.983063;103.873909
743;523.233643;467.987335;103.941368
744;523.186279;467.994934;103.91346
745;523.151245;467.981354;103.947929
746;523.113525;467.913879;103.992966
747;523.091492;467.977631;103.905624
748;523.086426;467.922546;103.927948
749;523.157532;467.986359;103.920921
750;523.115784;467.996735;103.875183
751;523.17749;468.0065;103.89122
752;523.197266;468.004028;103.89241
753;523.185608;467.985535;103.865784
754;523.193665;468.004608;103.803848
755;523.251343;468.013733;103.778244
756;523.265686;467.997101;103.827957
757;523.237;468.009277;103.783989
758;523.276367;467.994873;103.821556
759;523.293945;467.995789;103.825035
760;523.298828;468.010254;103.870506
761;523.279236;468.012268;103.87252
762;523.240662;467.988739;103.859238
763;523.27478;468.001404;103.887886
764;523.198303;468.01535;103.865295
765;523.26123;468.018524;103.855659
766;523.224731;468.007538;103.720795
767;523.278625;468.024689;103.75563
768;523.279663;468.005615;103.748856
769;523.244934;468.1203;103.692474
770;523.255615;468.156342;103.645409
771;523.36731;468.128937;103.576553
772;523.38562;468.137726;103.59314
773;523.386414;468.14682;103.601425
774;523.372437;468.153015;103.627502
775;523.451294;468.151184;103.576027
776;523.459534;468.224426;103.589325
777;523.492188;468.2435;103.509537
778;523.426514;468.062073;103.286697
779;523.511658;468.184143;103.358536
780;523.512695;468.224396;103.427643
781;523.539612;468.21579;103.364159
782;523.501282;468.223755;103.384758
783;523.446289;468.212341;103.379387
784;523.459229;468.121155;103.409172
785;523.446655;468.184753;103.433525
786;523.465515;468.20343;103.333015
787;523.511841;468.13089;103.286354
788;523.437317;468.12738;103.257729
789;523.521484;468.236115;103.158638
790;523.531128;468.211212;103.172226
791;523.532104;468.225647;103.129784
792;523.48175;468.213684;103.171494
793;523.485474;468.193665;103.126198
794;523.492126;468.215088;103.028976
795;523.501648;468.223358;102.943092
796;523.480652;468.108856;102.962799
797;523.462769;468.077972;102.942162
798;523.43335;468.091064;102.820389
799;523.356018;468.086517;102.837074
800;523.310486;468.115814;102.752159
801;523.326172;468.104523;102.714653
802;523.294556;468.004547;102.755005
803;523.234375;467.994415;102.705345
804;523.217163;468.003143;102.679726
805;523.188721;467.987671;102.687737
806;523.190247;467.942078;102.699158
807;523.163269;467.857117;102.756607
808;523.112732;467.845886;102.81694
809;523.026367;467.813721;102.878616
810;522.945068;467.794525;102.90728
811;522.853943;467.687714;102.973236
812;522.766907;467.684082;103.221909
813;522.682922;467.66803;103.390999
814;522.674988;467.650513;103.377708
815;522.707581;467.677155;103.428429
816;522.738403;467.661163;103.495071
817;522.751038;467.767181;103.479362
818;522.773071;467.849182;103.515656
819;522.778137;467.931244;103.587914
820;522.762878;467.963043;103.674927
821;522.772217;468.043976;103.745064
822;522.745728;468.056122;103.801689
823;522.753784;468.147827;103.897255
824;522.735535;468.170563;103.952377
825;522.722778;468.275055;103.945274
826;522.763794;468.385437;103.861557
827;522.86261;468.662567;103.955399
828;522.904785;468.855286;104.109642
829;522.982117;469.061005;104.314636
830;523.000183;469.378143;104.469543
831;523.043274;469.614807;104.683853
832;523.024292;469.932861;104.963234
833;523.046265;470.432892;105.422661
834;522.954163;470.875916;106.092743
835;522.783264;471.092682;106.928444
836;522.855713;471.306732;107.504021
837;523.134216;471.72171;107.814857
838;523.492981;472.318451;107.873169
839;524.042786;473.14386;108.379105
840;524.329163;473.918152;108.956665
841;524.449097;474.60199;109.587128
842;524.942688;475.586792;109.766251
843;525.579041;477.118591;109.631516
844;526.290161;478.079712;110.443535
845;527.029175;479.403534;111.416946
846;527.813538;480.736572;111.619408
847;528.699219;482.200439;112.103905
848;529.315063;484.086945;113.249237
849;530.037354;485.438171;114.224907
850;530.84021;487.440948;114.973877
851;531.299927;489.208099;115.892334
852;532.218262;491.330811;116.98748
853;533.014465;493.326416;118.084602
854;533.479797;495.282257;119.631577
855;534.038757;497.843933;120.428848
856;534.766968;500.206543;121.949638
857;535.13623;502.29306;123.532829
858;535.881714;504.806122;124.534607
859;536.813721;507.658661;125.657166
860;537.597961;509.971008;126.789955
861;538.409912;512.450012;127.982422
862;539.082153;515.315308;129.298416
863;539.791748;518.012634;130.291382
864;540.514587;520.793701;131.730438
865;541.335144;523.478882;132.841522
866;542.186829;526.232971;133.811005
867;542.889893;529.268433;135.000778
868;543.897095;532.213989;135.701675
869;544.902649;535.229065;136.943832
870;545.872131;538.031189;137.71608
871;546.533264;540.953308;138.58432
872;547.065063;543.666565;139.504974
873;547.643982;546.602112;140.959915
874;548.471558;549.726624;141.347092
875;548.929871;552.934631;142.373291
876;549.709717;555.817749;142.864182
877;550.394348;558.767334;143.423111
878;550.863281;561.530212;144.270554
879;551.244446;564.468567;144.774475
880;551.858826;567.325134;144.784973
881;552.443726;570.533752;145.737549
882;552.782349;573.510986;146.077271
883;553.638062;576.375732;146.18721
884;554.137634;579.424133;147.178162
885;554.191223;582.220276;147.706573
886;554.598083;585.152588;147.710266
887;555.226257;588.231812;147.74852
888;555.514709;591.279114;148.373062
889;555.716187;594.483154;149.196014
890;555.996399;597.703186;149.383774
891;556.216187;600.868164;149.963226
892;556.515259;604.181213;150.044327
893;556.248352;607.552673;150.383438
894;556.174744;610.982117;151.070953
895;556.133667;614.269348;151.606598
896;556.244324;617.184265;151.738022
897;556.216492;620.889038;152.098282
898;556.330505;624.335571;152.262131
899;556.289063;627.685364;152.840942
900;556.22113;630.88678;153.291733
901;556.227661;634.659485;153.480789
902;555.99231;638.368835;154.009399
903;555.927246;641.766907;154.242401
904;556.062378;645.533447;154.964432
905;555.793213;649.163147;155.094711
906;555.897888;652.892212;155.513
907;556.142395;656.44281;155.69989
908;555.844238;660.034729;155.856033
909;555.677734;664.028992;155.77327
910;555.751038;667.767517;155.922638
911;555.350037;671.345947;156.318939
912;555.315491;675.039551;156.784622
913;555.214783;678.62915;156.62384
914;554.886169;682.509827;157.026718
915;554.591736;686.132263;157.522507
916;554.251343;689.961548;157.531677
917;554.104248;693.78595;157.660995
918;554.109314;697.564941;157.605377
919;553.478271;701.259216;157.252106
920;553.921875;704.731445;156.946167
921;553.700134;708.910278;157.211609
922;553.489868;712.568115;156.831924
923;553.603271;716.079773;156.656219
924;553.507202;719.963684;156.25029
925;553.154663;723.813416;156.076248
926;553.055298;727.446167;155.893204
927;553.210144;730.767578;155.313004
928;553.000854;734.760681;155.436432
929;553.03363;738.311462;155.030914
930;552.859192;741.809448;154.341629
931;552.722961;745.387756;153.50412
932;552.941223;748.922485;152.741928
933;552.901367;752.160278;152.537415
934;552.621887;755.588074;152.177185
935;552.593994;758.986267;151.467102
936;552.478271;762.429993;150.734634
937;551.957336;765.826904;149.993271
938;552.077881;768.847473;149.684113
939;552.089783;772.108215;149.176697
940;552.112305;775.183105;148.394089
941;551.561218;778.315063;147.627472
942;551.640808;781.405701;146.688644
943;552.014526;784.368164;145.832291
944;552.073669;787.541199;144.973801
945;551.987488;790.427246;144.477249
946;551.508606;793.38916;143.750397
947;551.518127;796.112976;143.423386
948;551.648132;798.70929;142.74649
949;551.441711;801.6521;141.926254
950;551.229187;804.381836;141.06218
951;551.478516;806.685913;139.559418
952;551.609009;809.287109;138.759598
953;551.571533;811.77533;138.114105
954;551.171631;813.94342;137.194977
955;550.957397;816.169006;136.342331
956;551.598877;818.117615;134.678909
957;551.067627;820.398682;134.332001
958;550.966736;822.34906;133.24678
959;550.762878;824.189453;131.68045
960;550.659119;825.864014;130.811584
961;550.543213;827.541077;130.026199
962;550.079712;829.003601;128.940094
963;549.847717;830.725464;127.514755
964;550.079529;832.038574;125.932487
965;550.311584;833.305359;124.747299
966;549.830017;834.739014;123.184975
967;549.962463;835.492493;121.188766
968;549.960022;836.574585;120.03273
969;549.419678;837.589722;118.004738
970;549.240601;838.277527;116.853142
971;549.468201;838.867798;116.407013
972;549.69104;839.568176;116.184746
973;550.097168;839.670166;115.327911
974;549.953369;839.747253;114.572449
975;549.475769;839.725342;114.0606
976;549.014343;839.682495;113.745636
977;548.460571;839.763794;113.748062
978;547.956238;839.807373;113.576653
979;547.629517;839.837585;113.432663
980;547.245544;839.92926;113.499168
981;547.023926;839.952698;113.368576
982;546.818848;839.969238;113.362
983;546.516113;840.098511;113.444466
984;546.470459;840.210144;113.420959
985;545.931396;840.503723;113.579941
986;546.096924;840.631287;113.302322
987;546.503418;841.040771;112.462685
988;546.480713;841.666687;112.787033
989;546.065247;842.267822;113.632362
990;545.762573;842.758301;113.7658
991;545.569336;843.260498;114.071579
992;545.542664;843.539612;114.096001
993;545.514648;843.733032;114.054398
994;545.529724;843.986267;113.846626
995;545.508972;844.361023;113.784035
996;545.380981;844.683105;113.826958
997;545.283936;844.978577;114.016464
998;545.051453;845.320923;114.188255
999;544.917969;845.659668;114.380226
1000;544.803833;845.89209;114.539352
1001;544.732483;846.117554;114.611656
1002;544.609802;846.225525;114.636841
1003;544.571594;846.22345;114.624985
1004;544.523621;846.305481;114.641624
1005;544.454773;846.304138;114.702118
1006;543.903015;846.333984;115.04174
1007;543.760803;846.277039;115.044899
1008;543.976501;846.147034;114.775871
1009;544.037231;846.132996;114.69416
1010;543.911743;846.054993;114.634331
1011;543.799988;846.014893;114.568748
1012;543.718994;845.912842;114.528259
1013;543.654541;845.804321;114.559685
1014;543.636047;845.78717;114.490715
1015;543.582092;845.723267;114.383614
1016;543.71228;845.652283;114.179771
1017;543.606567;845.537476;114.254066
1018;543.199829;845.43634;114.548035
1019;543.376099;845.350281;114.530586
1020;543.560852;845.127014;114.130455
1021;543.569397;845.030151;113.968697
1022;543.658569;844.898132;113.880005
1023;543.655029;844.804382;113.789055
1024;543.565491;844.72699;113.825455
1025;543.584045;844.622314;113.80162
1026;543.522339;844.621216;113.855164
1027;543.446411;844.514221;113.772537
1028;543.367737;844.488464;113.761955
1029;543.318115;844.488403;113.825424
1030;543.165283;844.513;113.841362
1031;542.697693;844.618958;114.192421
1032;542.740112;844.654846;114.306175
1033;542.741089;844.80072;114.316376
1034;542.819763;844.937317;114.317528
1035;543.287842;844.901123;113.98127
1036;543.499329;845.01947;113.965797
1037;543.558044;845.12384;113.907898
1038;543.579163;845.220093;113.952774
1039;543.639771;845.302917;113.952652
1040;543.808594;845.328613;113.90934
1041;543.643433;845.501587;114.041435
1042;543.53125;845.31897;114.095116
1043;543.375916;845.267029;114.107391
1044;543.253967;845.262329;114.197929
1045;543.534302;845.31311;114.252968
1046;543.037415;845.238831;114.236374
1047;542.825806;844.984131;114.562485
1048;542.87793;845.093506;114.699852
1049;542.168701;845.048096;115.062836
1050;541.748047;845.291992;115.809746
1051;541.450806;845.398682;116.246086
1052;541.128418;845.422913;116.686424
1053;540.720459;845.50354;117.072365
1054;540.556519;845.315552;117.145996
1055;540.141052;845.237854;117.419205
1056;539.625183;845.153076;117.679314
1057;539.229736;844.972595;118.205788
1058;538.639893;844.962219;118.862175
1059;538.094849;844.837341;119.439926
1060;537.900635;844.429565;119.517281
1061;537.707092;844.041809;119.60759
1062;537.164917;843.756348;120.041985
1063;536.673584;843.470215;120.330048
1064;535.979065;843.231873;120.649895
1065;535.248474;843.281982;121.499298
1066;535.192322;842.872498;121.708626
1067;535.041443;842.734375;121.946373
1068;534.901062;842.605713;122.272041
1069;534.89563;842.471313;122.571671
1070;534.86322;842.360962;122.750351
1071;534.989319;842.319214;122.918823
1072;535.123718;842.206665;122.986229
1073;535.215027;841.992188;123.052353
1074;535.197632;841.884888;123.102325
1075;535.260437;841.759888;123.221039
1076;535.287109;841.650513;123.284889
1077;535.2677;841.541992;123.322624
1078;535.16925;841.445801;123.41951
1079;535.079468;841.342041;123.527527
1080;534.982422;841.237488;123.607979
1081;534.987976;841.226379;123.698257
1082;534.901672;841.368713;124.103333
1083;534.865784;841.469666;124.323357
1084;534.82843;841.419861;124.262878
1085;534.73053;841.277527;124.453392
1086;534.33551;841.068848;125.124611
1087;534.018616;840.906982;125.681313
1088;533.757446;840.805969;126.238701
1089;533.548096;840.774048;126.533623
1090;533.644897;840.692261;126.991699
1091;533.619934;840.553955;127.269051
1092;533.609192;840.329895;127.436058
1093;533.666748;839.919373;127.606857
1094;533.870911;839.426453;127.964775
1095;533.969971;839.042175;128.190735
1096;534.076538;838.643738;128.181
1097;534.687744;838.30896;128.460342
1098;534.936646;837.504761;129.115402
1099;535.090637;836.691406;129.451385
1100;535.368713;835.748291;129.614136
1101;535.692444;834.930603;129.725388
1102;536.177979;834.157288;129.850189
1103;536.711243;832.859375;129.587555
1104;537.524902;831.654236;129.850388
1105;537.865723;830.503662;130.684723
1106;538.289673;828.948059;130.495911
1107;538.816833;827.709106;130.224625
1108;539.64209;826.407227;130.104797
1109;540.576294;824.693726;129.88208
1110;541.305664;823.570496;130.306244
1111;541.881104;822.219177;130.614487
1112;542.69635;820.864136;130.74791
1113;543.68103;819.978088;130.864944
1114;544.415955;818.751831;131.117706
1115;544.966064;817.333984;131.779816
1116;545.807495;816.311768;132.538315
1117;546.559204;815.634399;133.435501
1118;547.229431;814.806152;133.90593
1119;548.588013;813.497375;134.912918
1120;549.34967;813.001892;136.286484
1121;550.247131;812.161133;136.864441
1122;551.342957;810.495117;137.926285
1123;552.200623;809.128296;138.378937
1124;553.012451;807.48175;138.800629
1125;553.894043;805.539368;139.955688
1126;554.307312;803.467468;140.506516
1127;555.337402;801.344177;141.027222
1128;556.166504;798.597839;141.974121
1129;556.758423;796.250183;142.560745
1130;557.639771;793.781799;143.534668
1131;558.401306;791.162231;144.394592
1132;559.178894;788.45343;144.749161
1133;560.202454;785.789063;146.004105
1134;560.974426;783.43634;146.673096
1135;562.008301;780.354797;147.841812
1136;562.798767;777.87384;148.811508
1137;564.035828;775.334473;150.027084
1138;564.869324;772.369141;151.193192
1139;566.126038;769.773682;152.381149
1140;567.154907;767.444092;153.739044
1141;568.571594;764.463013;154.878387
1142;569.995422;761.583862;156.614853
1143;570.70813;759.004822;158.429962
1144;572.126953;756.415833;160.127899
1145;573.45282;753.619995;161.477798
1146;575.047913;750.639771;162.786942
1147;576.743896;747.802856;164.132095
1148;578.519287;745.100586;165.269257
1149;579.990173;742.481323;166.604919
1150;582.045898;739.430237;167.856308
1151;583.749695;736.475403;168.657471
1152;585.502502;733.922241;169.838654
1153;587.459412;731.011902;171.057678
1154;589.09668;727.801758;171.879639
1155;590.763;724.963745;172.988754
1156;592.809448;722.178833;173.76564
1157;594.865356;719.424927;174.139984
1158;597.002747;716.703186;174.773407
1159;598.866211;713.545898;174.88269
1160;600.64917;710.883545;175.538849
1161;602.458435;708.574036;175.853363
1162;604.126221;705.948975;176.370392
1163;605.862183;703.331909;176.070374
1164;607.816223;700.841675;176.341156
1165;609.320251;698.606995;176.477219
1166;611.140015;696.265747;176.806534
1167;612.618896;694.249695;176.726288
1168;614.002258;691.792847;176.220642
1169;615.468018;690.129578;176.246765
1170;617.091492;688.160461;176.0457
1171;618.454773;686.528198;175.998276
1172;619.793823;684.801392;175.955627
1173;620.946228;683.365234;175.577118
1174;621.987305;681.684387;174.650879
1175;623.149475;680.213013;174.088058
1176;624.343994;679.044067;173.895142
1177;625.231567;677.866699;173.699951
1178;626.22229;676.599182;173.043686
1179;627.091309;675.43634;172.22261
1180;627.815002;674.316284;171.140823
1181;628.722412;673.418274;170.478882
1182;629.66333;672.555115;169.549927
1183;630.181885;671.493835;169.017166
1184;630.780334;670.432434;168.112122
1185;631.599854;669.646912;167.142319
1186;632.30658;668.767456;166.071167
1187;632.782593;668.181946;165.191177
1188;633.408447;667.29187;163.952652
1189;633.953308;666.532593;162.547226
1190;634.854919;665.803772;161.134369
1191;635.487305;665.442261;160.141068
1192;636.121338;664.597168;158.132187
1193;636.641235;664.027039;157.041458
1194;637.145386;663.348938;155.759491
1195;637.709351;662.555115;153.763214
1196;638.26825;661.949402;152.128311
1197;638.805359;661.431213;150.247391
1198;639.074646;660.79126;148.518341
1199;639.678772;660.301331;146.156509
1200;640.137268;659.686462;144.029892
1201;641.03894;659.252747;141.158096
1202;641.403992;658.800537;138.68013
1203;642.269409;658.246216;135.654587
1204;642.605591;658.110596;132.762024
1205;643.102234;657.710815;129.275345
1206;643.838562;657.254883;125.563583
1207;644.379456;656.871582;122.221573
1208;645.20636;656.424866;118.350807
1209;646.326782;655.684814;114.551498
1210;647.977173;655.033997;113.598831
1211;648.97345;654.679688;113.169075
1212;649.182007;654.243408;112.76416
1213;649.229187;653.663818;112.266907
1214;649.232117;653.291931;112.088348
1215;649.235657;653.080444;112.365471
1216;648.697815;653.063049;112.829659
1217;648.068542;653.100708;113.163292
1218;647.400696;653.053833;113.448875
1219;646.707703;652.928406;113.373268
1220;646.069702;652.785583;113.954079
1221;645.241272;652.698303;114.443207
1222;644.567322;652.658997;114.730927
1223;644.138977;652.667664;114.777351
1224;644.030396;652.637878;114.551064
1225;643.561646;652.556946;114.635765
1226;643.063599;652.477539;114.685593
1227;642.72876;652.392944;114.706039
1228;642.498474;652.389343;114.808243
1229;642.275085;652.299561;114.976959
1230;641.934265;652.295898;115.039703
1231;641.63385;652.305054;115.325516
1232;641.350403;652.389648;115.21846
1233;641.231079;652.509888;115.251259
1234;641.01178;652.642761;115.223427
1235;640.855652;652.76062;115.200089
1236;640.758301;652.867004;115.250717
1237;640.581482;653.000183;115.299751
1238;640.399475;653.129089;115.362083
1239;640.260132;653.246643;115.410942
1240;640.10614;653.358337;115.461929
1241;640.046143;653.395203;115.488686
1242;639.950745;653.473572;115.474907
1243;639.857727;653.388794;115.551338
1244;639.694458;653.377441;115.592995
1245;639.583801;653.382141;115.587006
1246;639.540771;653.308411;115.60553
1247;639.499817;653.280334;115.56955
1248;639.387451;653.172241;115.550217
1249;639.317078;653.067627;115.488838
1250;639.262878;652.965515;115.359337
1251;639.163086;652.865784;115.324471
1252;639.104797;652.853943;115.260521
1253;638.9953;652.776367;115.211586
1254;638.911865;652.75116;115.071884
1255;638.834595;652.760071;114.936348
1256;638.658813;652.771057;114.847298
1257;638.44635;652.820374;114.73896
1258;638.119507;652.953796;114.404961
1259;637.927734;652.879761;114.726189
1260;637.45813;652.926453;114.84259
1261;636.918091;653.113708;115.043739
1262;636.424988;653.106812;114.680351
1263;635.833374;653.560425;114.81456
1264;635.375977;653.663513;115.109222
1265;634.931213;653.606812;115.612915
1266;634.602844;653.555298;115.605728
1267;634.275757;653.593445;115.554985
1268;633.97998;653.520752;115.34684
1269;633.276123;653.52301;115.150452
1270;633.045654;653.479492;114.570038
1271;632.791748;653.564575;113.965523
1272;632.695923;653.600891;113.681854
1273;632.516357;653.66272;113.656258
1274;632.294922;653.557373;113.538269
1275;632.091187;653.572571;113.541794
1276;631.951904;653.690796;113.386154
1277;631.724182;653.419373;113.504562
1278;631.497375;653.180908;113.610672
1279;631.211182;653.075745;113.690308
1280;631.147522;652.889343;113.78463
1281;630.922607;652.772705;113.760651
1282;630.82135;652.602173;113.683296
1283;630.766235;652.419067;113.585449
1284;630.803406;652.298401;113.565773
1285;630.802551;652.05188;113.498993
1286;630.784973;651.918396;113.464973
1287;630.996704;651.392944;112.705215
1288;631.076721;651.343628;112.988464
1289;631.053223;651.201355;112.875313
1290;630.990845;651.052124;113.088158
1291;630.895264;650.955078;113.14473
1292;630.862854;650.778381;113.159103
1293;630.874512;650.629333;113.095917
1294;631.012146;650.454773;112.781464
1295;631.11377;650.3479;112.61335
1296;631.14917;650.341614;112.482689
1297;631.086548;650.257446;112.474335
1298;631.114929;650.227234;112.413185
1299;631.364868;650.322632;112.250656
1300;631.468811;650.426086;112.035645
1301;631.203003;650.358582;112.160049
1302;631.105774;650.385315;112.116875
1303;631.135986;650.409485;112.048889
1304;631.42865;650.538574;111.916031
1305;631.261719;650.660034;111.954605
1306;631.235168;650.660156;111.81546
1307;631.339844;650.718933;111.769928
1308;631.384521;650.845825;111.666611
1309;631.554932;650.876526;111.647079
1310;631.569153;650.968079;111.479126
1311;631.553955;650.985657;111.430656
1312;631.541626;651.097412;111.42453
1313;631.626343;651.078735;111.375793
1314;631.691956;651.087463;111.300392
1315;631.738892;651.1745;111.245987
1316;631.898743;651.082581;111.13559
1317;631.958191;651.05188;111.056091
1318;631.957886;651.124146;110.921463
1319;631.982971;651.164246;110.76918
1320;631.945007;651.169006;110.81945
1321;631.991455;651.237671;110.73777
1322;632.038635;651.271973;110.714424
1323;632.015198;651.262268;110.735306
1324;631.960754;651.256775;110.807915
1325;631.91272;651.264099;110.890396
1326;631.9552;651.263794;110.830757
1327;631.985291;651.245483;110.850883
1328;631.902588;651.315063;111.016296
1329;631.898743;651.183716;111.097023
1330;631.86969;651.229919;110.879707
